205 0.00147272 0.00194901
206 0.0058119 0.00768072
207 0.0101511 0.0133964
208 0.0144903 0.019096
209 0.0188294 0.0247797
210 0.0231686 0.0304476
211 0.0275078 0.0360996
212 0.031847 0.041736
213 0.0361862 0.0473566
214 0.0405253 0.0529617
215 0.0448645 0.0585512
216 0.0492037 0.0641252
217 0.0535429 0.0696839
218 0.0578821 0.0752272
219 0.0622212 0.0807552
220 0.0665604 0.086268
221 0.0708996 0.0917656
222 0.0752388 0.0972482
223 0.079578 0.102716
224 0.0839171 0.108168
225 0.0882563 0.113606
226 0.0925955 0.119029
227 0.0969347 0.124437
228 0.101274 0.12983
229 0.105613 0.135209
230 0.109952 0.140573
231 0.114291 0.145922
232 0.118631 0.151257
233 0.12297 0.156578
234 0.127309 0.161884
235 0.131648 0.167176
236 0.135987 0.172453
237 0.140326 0.177717
238 0.144666 0.182966
239 0.149005 0.188201
240 0.153344 0.193422
241 0.157683 0.19863
242 0.162022 0.203823
243 0.166362 0.209002
244 0.170701 0.214168
245 0.17504 0.21932
246 0.179379 0.224458
247 0.183718 0.229583
248 0.188057 0.234694
249 0.192397 0.239791
250 0.196736 0.244875
251 0.201075 0.249946
252 0.205414 0.255003
253 0.209753 0.260047
254 0.214093 0.265077
255 0.218432 0.270095
256 0.222771 0.275099
257 0.22711 0.28009
258 0.231449 0.285068
259 0.235788 0.290033
260 0.240128 0.294985
261 0.244467 0.299925
262 0.248806 0.304851
263 0.253145 0.309765
264 0.257484 0.314665
265 0.261824 0.319553
266 0.266163 0.324429
267 0.270502 0.329292
268 0.274841 0.334142
269 0.27918 0.33898
270 0.283519 0.343805
271 0.287859 0.348618
272 0.292198 0.353418
273 0.296537 0.358207
274 0.300876 0.362983
275 0.305215 0.367746
276 0.309554 0.372498
277 0.313894 0.377237
278 0.318233 0.381965
279 0.322572 0.38668
280 0.326911 0.391383
281 0.33125 0.396075
282 0.33559 0.400754
283 0.339929 0.405422
284 0.344268 0.410078
285 0.348607 0.414722
286 0.352946 0.419354
287 0.357285 0.423975
288 0.361625 0.428584
289 0.365964 0.433181
290 0.370303 0.437767
291 0.374642 0.442341
292 0.378981 0.446904
293 0.383321 0.451456
294 0.38766 0.455996
295 0.391999 0.460525
296 0.396338 0.465042
297 0.400677 0.469549
298 0.405016 0.474044
299 0.409356 0.478528
300 0.413695 0.483
301 0.418034 0.487462
302 0.422373 0.491913
303 0.426712 0.496352
304 0.431052 0.500781
305 0.435391 0.505199
306 0.43973 0.509606
307 0.444069 0.514002
308 0.448408 0.518387
309 0.452747 0.522762
310 0.457087 0.527126
311 0.461426 0.531479
312 0.465765 0.535822
313 0.470104 0.540154
314 0.474443 0.544475
315 0.478783 0.548786
316 0.483122 0.553086
317 0.487461 0.557376
318 0.4918 0.561656
319 0.496139 0.565925
320 0.500478 0.570184
321 0.504818 0.574432
322 0.509157 0.578671
323 0.513496 0.582899
324 0.517835 0.587117
325 0.522174 0.591324
326 0.526513 0.595522
327 0.530853 0.59971
328 0.535192 0.603887
329 0.539531 0.608055
330 0.54387 0.612212
331 0.548209 0.61636
332 0.552549 0.620498
333 0.556888 0.624625
334 0.561227 0.628743
335 0.565566 0.632852
336 0.569905 0.63695
337 0.574244 0.641039
338 0.578584 0.645118
339 0.582923 0.649188
340 0.587262 0.653248
341 0.591601 0.657298
342 0.59594 0.661339
343 0.60028 0.66537
344 0.604619 0.669392
345 0.608958 0.673404
346 0.613297 0.677407
347 0.617636 0.6814
348 0.621975 0.685385
349 0.626315 0.689359
350 0.630654 0.693325
351 0.634993 0.697281
352 0.639332 0.701228
353 0.643671 0.705166
354 0.64801 0.709095
355 0.65235 0.713015
356 0.656689 0.716925
357 0.661028 0.720827
358 0.665367 0.724719
359 0.669706 0.728603
360 0.674046 0.732477
361 0.678385 0.736343
362 0.682724 0.7402
363 0.687063 0.744047
364 0.691402 0.747886
365 0.695741 0.751716
366 0.700081 0.755538
367 0.70442 0.75935
368 0.708759 0.763154
369 0.713098 0.76695
370 0.717437 0.770736
371 0.721777 0.774514
372 0.726116 0.778283
373 0.730455 0.782044
374 0.734794 0.785796
375 0.739133 0.78954
376 0.743472 0.793275
377 0.747812 0.797002
378 0.752151 0.800721
379 0.75649 0.804431
380 0.760829 0.808132
381 0.765168 0.811825
382 0.769508 0.81551
383 0.773847 0.819187
384 0.778186 0.822855
385 0.782525 0.826515
386 0.786864 0.830167
387 0.791203 0.833811
388 0.795543 0.837447
389 0.799882 0.841074
390 0.804221 0.844694
391 0.80856 0.848305
392 0.812899 0.851908
393 0.817239 0.855504
394 0.821578 0.859091
395 0.825917 0.86267
396 0.830256 0.866242
397 0.834595 0.869805
398 0.838934 0.873361
399 0.843274 0.876909
400 0.847613 0.880449
401 0.851952 0.883981
402 0.856291 0.887505
403 0.86063 0.891022
404 0.864969 0.894531
405 0.869309 0.898032
406 0.873648 0.901526
407 0.877987 0.905012
408 0.882326 0.90849
409 0.886665 0.91196
410 0.891005 0.915424
411 0.895344 0.918879
412 0.899683 0.922327
413 0.904022 0.925768
414 0.908361 0.929201
415 0.9127 0.932626
416 0.91704 0.936045
417 0.921379 0.939455
418 0.925718 0.942859
419 0.930057 0.946255
420 0.934396 0.949643
421 0.938736 0.953025
422 0.943075 0.956399
423 0.947414 0.959766
424 0.951753 0.963125
425 0.956092 0.966478
426 0.960431 0.969823
427 0.964771 0.973161
428 0.96911 0.976492
429 0.973449 0.979816
430 0.977788 0.983133
431 0.982127 0.986442
432 0.986467 0.989745
433 0.990806 0.99304
434 0.995145 0.996329
435 0.999484 0.99961
